0.10000000000000001 1
0.10000000000000001 1
0.10000000000000001 1
0.10000000000000001 1
0.10000000000000001 1
0.13 1
0.13 1
0.13 1
0.13 1
0.13 1
0.16 1
0.16 1
0.16 1
0.16 1
0.16 1
0.19 1
0.19 1
0.19 1
0.19 1
0.19 1
0.22 1
0.22 1
0.22 1
0.22 1
0.22 1
0.25 1
0.25 1
0.25 1
0.25 1
0.25 1
0.28000000000000003 1
0.28000000000000003 1
0.28000000000000003 2
0.28000000000000003 1
0.28000000000000003 1
0.31000000000000005 1
0.31000000000000005 1
0.31000000000000005 2
0.31000000000000005 1
0.31000000000000005 1
0.34000000000000008 1
0.34000000000000008 1
0.34000000000000008 4
0.34000000000000008 1
0.34000000000000008 1
0.37000000000000011 1
0.37000000000000011 1
0.37000000000000011 6
0.37000000000000011 1
0.37000000000000011 1
0.40000000000000013 1
0.40000000000000013 1
0.40000000000000013 8
0.40000000000000013 1
0.40000000000000013 1
0.43000000000000016 1
0.43000000000000016 1
0.43000000000000016 11
0.43000000000000016 1
0.43000000000000016 1
0.46000000000000019 1
0.46000000000000019 1
0.46000000000000019 16
0.46000000000000019 1
0.46000000000000019 1
0.49000000000000021 1
0.49000000000000021 1
0.49000000000000021 20
0.49000000000000021 1
0.49000000000000021 1
0.52000000000000024 1
0.52000000000000024 1
0.52000000000000024 20.1993
0.52000000000000024 1
0.52000000000000024 1
0.55000000000000027 1
0.55000000000000027 1
0.55000000000000027 20.4456
0.55000000000000027 1
0.55000000000000027 1
0.58000000000000029 1
0.58000000000000029 1
0.58000000000000029 20.6405
0.58000000000000029 1
0.58000000000000029 1
0.61000000000000032 1
0.61000000000000032 1
0.61000000000000032 10
0.61000000000000032 1
0.61000000000000032 1
0.64000000000000035 1
0.64000000000000035 1
0.64000000000000035 10
0.64000000000000035 1
0.64000000000000035 1
0.67000000000000037 1
0.67000000000000037 1
0.67000000000000037 10
0.67000000000000037 1
0.67000000000000037 1
0.7000000000000004 1
0.7000000000000004 1
0.7000000000000004 10.1
0.7000000000000004 1
0.7000000000000004 1
0.73000000000000043 1
0.73000000000000043 1
0.73000000000000043 10.1
0.73000000000000043 1
0.73000000000000043 1
0.76000000000000045 1
0.76000000000000045 1
0.76000000000000045 10.1
0.76000000000000045 1
0.76000000000000045 1
0.79000000000000048 1
0.79000000000000048 1
0.79000000000000048 10.1
0.79000000000000048 1
0.79000000000000048 1
0.82000000000000051 1
0.82000000000000051 1
0.82000000000000051 10.1
0.82000000000000051 1
0.82000000000000051 1
0.85000000000000053 1
0.85000000000000053 1
0.85000000000000053 10.1
0.85000000000000053 1
0.85000000000000053 1
0.88000000000000056 1
0.88000000000000056 1
0.88000000000000056 10.1
0.88000000000000056 1
0.88000000000000056 1
0.91000000000000059 1
0.91000000000000059 1
0.91000000000000059 10.1
0.91000000000000059 1
0.91000000000000059 1
0.94000000000000061 1
0.94000000000000061 1
0.94000000000000061 10.1
0.94000000000000061 1
0.94000000000000061 1
0.97000000000000064 1
0.97000000000000064 1
0.97000000000000064 10.1
0.97000000000000064 1
0.97000000000000064 1
1.0000000000000007 1
1.0000000000000007 1
1.0000000000000007 10.1
1.0000000000000007 1
1.0000000000000007 1
1.0300000000000007 1
1.0300000000000007 1
1.0300000000000007 10.1
1.0300000000000007 1
1.0300000000000007 1
1.0600000000000007 1
1.0600000000000007 1
1.0600000000000007 10.1
1.0600000000000007 1
1.0600000000000007 1
1.0900000000000007 1
1.0900000000000007 1
1.0900000000000007 10.1
1.0900000000000007 1
1.0900000000000007 1
1.1200000000000008 1
1.1200000000000008 1
1.1200000000000008 10.1
1.1200000000000008 1
1.1200000000000008 1
1.1500000000000008 1
1.1500000000000008 1
1.1500000000000008 10.1
1.1500000000000008 1
1.1500000000000008 1
1.1800000000000008 1
1.1800000000000008 1
1.1800000000000008 10.1
1.1800000000000008 1
1.1800000000000008 1
1.2100000000000009 1
1.2100000000000009 1
1.2100000000000009 10.1
1.2100000000000009 1
1.2100000000000009 1
1.2400000000000009 1
1.2400000000000009 1
1.2400000000000009 10.1
1.2400000000000009 1
1.2400000000000009 1
1.2700000000000009 1
1.2700000000000009 1
1.2700000000000009 10.1
1.2700000000000009 1
1.2700000000000009 1
1.3000000000000009 1
1.3000000000000009 1
1.3000000000000009 10.1
1.3000000000000009 1
1.3000000000000009 1
1.330000000000001 1
1.330000000000001 1
1.330000000000001 10.1
1.330000000000001 1
1.330000000000001 1
1.360000000000001 1
1.360000000000001 1
1.360000000000001 10.1
1.360000000000001 1
1.360000000000001 1
1.390000000000001 1
1.390000000000001 1
1.390000000000001 10.1
1.390000000000001 1
1.390000000000001 1
1.420000000000001 1
1.420000000000001 1
1.420000000000001 10.1
1.420000000000001 1
1.420000000000001 1
1.4500000000000011 1
1.4500000000000011 1
1.4500000000000011 10.1
1.4500000000000011 1
1.4500000000000011 1
1.4800000000000011 1
1.4800000000000011 1
1.4800000000000011 10.1
1.4800000000000011 1
1.4800000000000011 1
1.5100000000000011 1
1.5100000000000011 1
1.5100000000000011 10.1
1.5100000000000011 1
1.5100000000000011 1
1.5400000000000011 1
1.5400000000000011 1
1.5400000000000011 10.1
1.5400000000000011 1
1.5400000000000011 1
1.5700000000000012 1
1.5700000000000012 1
1.5700000000000012 10.1
1.5700000000000012 1
1.5700000000000012 1
1.6000000000000012 1
1.6000000000000012 1
1.6000000000000012 10.1
1.6000000000000012 1
1.6000000000000012 1
1.6300000000000012 1
1.6300000000000012 1
1.6300000000000012 10.1
1.6300000000000012 1
1.6300000000000012 1
1.6600000000000013 1
1.6600000000000013 1
1.6600000000000013 10.1
1.6600000000000013 1
1.6600000000000013 1
1.6900000000000013 1
1.6900000000000013 1
1.6900000000000013 1
1.6900000000000013 1
1.6900000000000013 1
1.7200000000000013 1
1.7200000000000013 1
1.7200000000000013 1
1.7200000000000013 1
1.7200000000000013 1
1.7500000000000013 1
1.7500000000000013 1
1.7500000000000013 2
1.7500000000000013 1
1.7500000000000013 1
1.7800000000000014 1
1.7800000000000014 1
1.7800000000000014 2
1.7800000000000014 1
1.7800000000000014 1
1.8100000000000014 1
1.8100000000000014 1
1.8100000000000014 3
1.8100000000000014 1
1.8100000000000014 1
1.8400000000000014 1
1.8400000000000014 1
1.8400000000000014 3
1.8400000000000014 1
1.8400000000000014 1
1.8700000000000014 1
1.8700000000000014 1
1.8700000000000014 4
1.8700000000000014 1
1.8700000000000014 1
1.9000000000000015 1
1.9000000000000015 1
1.9000000000000015 5
1.9000000000000015 1
1.9000000000000015 1
1.9300000000000015 1
1.9300000000000015 1
1.9300000000000015 5.93074
1.9300000000000015 1
1.9300000000000015 1
1.9600000000000015 1
1.9600000000000015 1
1.9600000000000015 6.26331
1.9600000000000015 1
1.9600000000000015 1
1.9900000000000015 1
1.9900000000000015 1
1.9900000000000015 6.73066
1.9900000000000015 1
1.9900000000000015 1
2.0200000000000014 1
2.0200000000000014 1
2.0200000000000014 7.16696
2.0200000000000014 1
2.0200000000000014 1
2.0500000000000012 2
2.0500000000000012 1
2.0500000000000012 7.5777
2.0500000000000012 1
2.0500000000000012 1
2.080000000000001 2
2.080000000000001 1
2.080000000000001 8.09245
2.080000000000001 1
2.080000000000001 1
2.1100000000000008 4
2.1100000000000008 1
2.1100000000000008 8.45768
2.1100000000000008 1
2.1100000000000008 1
2.1400000000000006 4
2.1400000000000006 1
2.1400000000000006 8.9211
2.1400000000000006 1
2.1400000000000006 1
2.1700000000000004 5
2.1700000000000004 1
2.1700000000000004 9.25326
2.1700000000000004 1
2.1700000000000004 1
2.2000000000000002 8
2.2000000000000002 1
2.2000000000000002 9.46815
2.2000000000000002 1
2.2000000000000002 1
2.23 8
2.23 1
2.23 9.98495
2.23 1
2.23 1
2.2599999999999998 10
2.2599999999999998 1
2.2599999999999998 10.1843
2.2599999999999998 1
2.2599999999999998 1
2.2899999999999996 14
2.2899999999999996 1
2.2899999999999996 10.1843
2.2899999999999996 1
2.2899999999999996 1
2.3199999999999994 16
2.3199999999999994 1
2.3199999999999994 5
2.3199999999999994 1
2.3199999999999994 1
2.3499999999999992 16
2.3499999999999992 1
2.3499999999999992 5
2.3499999999999992 1
2.3499999999999992 1
2.379999999999999 19
2.379999999999999 1
2.379999999999999 5
2.379999999999999 1
2.379999999999999 1
2.4099999999999988 9
2.4099999999999988 1
2.4099999999999988 5
2.4099999999999988 1
2.4099999999999988 1
2.4399999999999986 9
2.4399999999999986 1
2.4399999999999986 5.2
2.4399999999999986 1
2.4399999999999986 1
2.4699999999999984 9
2.4699999999999984 1
2.4699999999999984 5.2
2.4699999999999984 1
2.4699999999999984 1
2.4999999999999982 9.11111
2.4999999999999982 1
2.4999999999999982 5.2
2.4999999999999982 1
2.4999999999999982 1
2.529999999999998 9.11111
2.529999999999998 1
2.529999999999998 5.2
2.529999999999998 1
2.529999999999998 1
2.5599999999999978 9.11111
2.5599999999999978 1
2.5599999999999978 2
2.5599999999999978 1
2.5599999999999978 1
2.5899999999999976 9.11111
2.5899999999999976 1
2.5899999999999976 2
2.5899999999999976 1
2.5899999999999976 1
2.6199999999999974 9.11111
2.6199999999999974 1
2.6199999999999974 2.5
2.6199999999999974 1
2.6199999999999974 1
2.6499999999999972 9.11111
2.6499999999999972 1
2.6499999999999972 2.5
2.6499999999999972 1
2.6499999999999972 1
2.6799999999999971 9.11111
2.6799999999999971 1
2.6799999999999971 2.5
2.6799999999999971 1
2.6799999999999971 1
2.7099999999999969 9.11111
2.7099999999999969 1
2.7099999999999969 2.5
2.7099999999999969 1
2.7099999999999969 1
2.7399999999999967 9.11111
2.7399999999999967 1
2.7399999999999967 2.5
2.7399999999999967 1
2.7399999999999967 1
2.7699999999999965 9.11111
2.7699999999999965 1
2.7699999999999965 2.5
2.7699999999999965 1
2.7699999999999965 1
2.7999999999999963 9.11111
2.7999999999999963 2
2.7999999999999963 2.5
2.7999999999999963 1
2.7999999999999963 1
2.8299999999999961 9.11111
2.8299999999999961 2
2.8299999999999961 2.5
2.8299999999999961 1
2.8299999999999961 1
2.8599999999999959 9.11111
2.8599999999999959 4
2.8599999999999959 2.5
2.8599999999999959 1
2.8599999999999959 1
2.8899999999999957 9.11111
2.8899999999999957 4
2.8899999999999957 2.5
2.8899999999999957 1
2.8899999999999957 1
2.9199999999999955 9.11111
2.9199999999999955 6
2.9199999999999955 2.5
2.9199999999999955 1
2.9199999999999955 1
2.9499999999999953 9.11111
2.9499999999999953 8
2.9499999999999953 2.5
2.9499999999999953 1
2.9499999999999953 1
2.9799999999999951 9.11111
2.9799999999999951 11
2.9799999999999951 2.5
2.9799999999999951 1
2.9799999999999951 1
3.0099999999999949 9.11111
3.0099999999999949 15
3.0099999999999949 2.5
3.0099999999999949 1
3.0099999999999949 1
3.0399999999999947 9.11111
3.0399999999999947 19
3.0399999999999947 2.5
3.0399999999999947 1
3.0399999999999947 1
3.0699999999999945 9.11111
3.0699999999999945 20.1993
3.0699999999999945 2.5
3.0699999999999945 1
3.0699999999999945 1
3.0999999999999943 9.11111
3.0999999999999943 20.3966
3.0999999999999943 2.5
3.0999999999999943 1
3.0999999999999943 1
3.1299999999999941 9.11111
3.1299999999999941 20.6405
3.1299999999999941 2.5
3.1299999999999941 1
3.1299999999999941 1
3.1599999999999939 9.11111
3.1599999999999939 20.7373
3.1599999999999939 2.5
3.1599999999999939 1
3.1599999999999939 1
3.1899999999999937 9.11111
3.1899999999999937 10
3.1899999999999937 2.5
3.1899999999999937 1
3.1899999999999937 1
3.2199999999999935 9.11111
3.2199999999999935 10
3.2199999999999935 2.5
3.2199999999999935 1
3.2199999999999935 1
3.2499999999999933 9.11111
3.2499999999999933 10
3.2499999999999933 2.5
3.2499999999999933 1
3.2499999999999933 1
3.2799999999999931 9.11111
3.2799999999999931 10.1
3.2799999999999931 2.5
3.2799999999999931 1
3.2799999999999931 1
3.3099999999999929 9.11111
3.3099999999999929 10.1
3.3099999999999929 2.5
3.3099999999999929 1
3.3099999999999929 1
3.3399999999999928 9.11111
3.3399999999999928 10.1
3.3399999999999928 2.5
3.3399999999999928 1
3.3399999999999928 1
3.3699999999999926 9.11111
3.3699999999999926 10.1
3.3699999999999926 2.5
3.3699999999999926 1
3.3699999999999926 1
3.3999999999999924 9.11111
3.3999999999999924 10.1
3.3999999999999924 2.5
3.3999999999999924 1
3.3999999999999924 1
3.4299999999999922 9.11111
3.4299999999999922 10.1
3.4299999999999922 2.5
3.4299999999999922 1
3.4299999999999922 1
3.459999999999992 9.11111
3.459999999999992 10.1
3.459999999999992 2.5
3.459999999999992 1
3.459999999999992 1
3.4899999999999918 1
3.4899999999999918 10.1
3.4899999999999918 2.5
3.4899999999999918 1
3.4899999999999918 1
3.5199999999999916 1
3.5199999999999916 10.1
3.5199999999999916 2.5
3.5199999999999916 1
3.5199999999999916 1
3.5499999999999914 2
3.5499999999999914 10.1
3.5499999999999914 2.5
3.5499999999999914 1
3.5499999999999914 1
3.5799999999999912 2
3.5799999999999912 10.1
3.5799999999999912 2.5
3.5799999999999912 1
3.5799999999999912 1
3.609999999999991 3
3.609999999999991 10.1
3.609999999999991 1
3.609999999999991 1
3.609999999999991 1
3.6399999999999908 3
3.6399999999999908 10.1
3.6399999999999908 1
3.6399999999999908 1
3.6399999999999908 1
3.6699999999999906 4
3.6699999999999906 10.1
3.6699999999999906 2
3.6699999999999906 1
3.6699999999999906 1
3.6999999999999904 4.25
3.6999999999999904 10.1
3.6999999999999904 2.5
3.6999999999999904 1
3.6999999999999904 1
3.7299999999999902 4.70824
3.7299999999999902 10.1
3.7299999999999902 2.9
3.7299999999999902 1
3.7299999999999902 1
3.75999999999999 4.70824
3.75999999999999 10.1
3.75999999999999 3.55301
3.75999999999999 1
3.75999999999999 1
3.7899999999999898 4.92064
3.7899999999999898 10.1
3.7899999999999898 3.55301
3.7899999999999898 1
3.7899999999999898 1
3.8199999999999896 5.68862
3.8199999999999896 10.1
3.8199999999999896 3.55301
3.8199999999999896 1
3.8199999999999896 1
3.8499999999999894 5.86441
3.8499999999999894 10.1
3.8499999999999894 4.33944
3.8499999999999894 1
3.8499999999999894 1
3.8799999999999892 6.67249
3.8799999999999892 10.1
3.8799999999999892 4.33944
3.8799999999999892 1
3.8799999999999892 1
3.909999999999989 6.67249
3.909999999999989 10.1
3.909999999999989 5.19763
3.909999999999989 1
3.909999999999989 1
3.9399999999999888 7.3909
3.9399999999999888 10.1
3.9399999999999888 5.19763
3.9399999999999888 1
3.9399999999999888 1
3.9699999999999886 7.5262
3.9699999999999886 10.1
3.9699999999999886 5.92867
3.9699999999999886 1
3.9699999999999886 1
3.9999999999999885 7.91801
3.9999999999999885 10.1
3.9999999999999885 6.09735
3.9999999999999885 1
3.9999999999999885 1
4.0299999999999887 8.41165
4.0299999999999887 10.1
4.0299999999999887 6.09735
4.0299999999999887 1
4.0299999999999887 1
4.059999999999989 8.41165
4.059999999999989 10.1
4.059999999999989 6.87746
4.059999999999989 1
4.059999999999989 1
4.0899999999999892 8.76339
4.0899999999999892 10.1
4.0899999999999892 7.02286
4.0899999999999892 1
4.0899999999999892 1
4.1199999999999894 9.21125
4.1199999999999894 10.1
4.1199999999999894 7.02286
4.1199999999999894 1
4.1199999999999894 1
4.1499999999999897 9.31982
4.1499999999999897 10.1
4.1499999999999897 7.57609
4.1499999999999897 1
4.1499999999999897 1
4.1799999999999899 9.42712
4.1799999999999899 10.1
4.1799999999999899 7.96541
4.1799999999999899 1
4.1799999999999899 1
4.2099999999999902 9.94607
4.2099999999999902 10.1
4.2099999999999902 7.96541
4.2099999999999902 1
4.2099999999999902 1
4.2399999999999904 10.2447
4.2399999999999904 10.1
4.2399999999999904 8.21454
4.2399999999999904 1
4.2399999999999904 1
4.2699999999999907 10.2447
4.2699999999999907 1
4.2699999999999907 8.69112
4.2699999999999907 1
4.2699999999999907 1
4.2999999999999909 10.5348
4.2999999999999909 1
4.2999999999999909 8.80618
4.2999999999999909 1
4.2999999999999909 1
4.3299999999999912 10.9095
4.3299999999999912 1
4.3299999999999912 8.80618
4.3299999999999912 1
4.3299999999999912 1
4.3599999999999914 11.1822
4.3599999999999914 1
4.3599999999999914 8.80618
4.3599999999999914 1
4.3599999999999914 1
4.3899999999999917 11.1822
4.3899999999999917 1
4.3899999999999917 4
4.3899999999999917 1
4.3899999999999917 1
4.4199999999999919 11.6224
4.4199999999999919 1
4.4199999999999919 4
4.4199999999999919 1
4.4199999999999919 1
4.4499999999999922 11.9629
4.4499999999999922 1
4.4499999999999922 4
4.4499999999999922 1
4.4499999999999922 1
4.4799999999999924 12.2119
4.4799999999999924 1
4.4799999999999924 4.25
4.4799999999999924 1
4.4799999999999924 1
4.5099999999999927 12.5362
4.5099999999999927 1
4.5099999999999927 4.25
4.5099999999999927 1
4.5099999999999927 1
4.5399999999999929 12.8523
4.5399999999999929 1
4.5399999999999929 4.25
4.5399999999999929 1
4.5399999999999929 1
4.5699999999999932 13.1608
4.5699999999999932 1
4.5699999999999932 4.25
4.5699999999999932 1
4.5699999999999932 1
4.5999999999999934 13.4621
4.5999999999999934 1
4.5999999999999934 4.25
4.5999999999999934 1
4.5999999999999934 1
4.6299999999999937 13.8295
4.6299999999999937 1
4.6299999999999937 4.25
4.6299999999999937 1
4.6299999999999937 1
4.6599999999999939 14.1165
4.6599999999999939 1
4.6599999999999939 4.25
4.6599999999999939 1
4.6599999999999939 1
4.6899999999999942 14.4672
4.6899999999999942 1
4.6899999999999942 4.25
4.6899999999999942 1
4.6899999999999942 1
4.7199999999999944 14.7418
4.7199999999999944 1
4.7199999999999944 4.25
4.7199999999999944 1
4.7199999999999944 1
4.7499999999999947 15.0112
4.7499999999999947 1
4.7499999999999947 4.25
4.7499999999999947 1
4.7499999999999947 1
4.7799999999999949 15.3414
4.7799999999999949 1
4.7799999999999949 4.25
4.7799999999999949 1
4.7799999999999949 1
4.8099999999999952 15.6005
4.8099999999999952 1
4.8099999999999952 4.25
4.8099999999999952 1
4.8099999999999952 1
4.8399999999999954 15.9184
4.8399999999999954 1
4.8399999999999954 4.25
4.8399999999999954 1
4.8399999999999954 1
4.8699999999999957 16.1682
4.8699999999999957 1
4.8699999999999957 4.25
4.8699999999999957 1
4.8699999999999957 1
4.8999999999999959 16.4752
4.8999999999999959 1
4.8999999999999959 4.25
4.8999999999999959 1
4.8999999999999959 1
4.9299999999999962 16.7166
4.9299999999999962 1
4.9299999999999962 4.25
4.9299999999999962 1
4.9299999999999962 1
4.9599999999999964 16.9546
4.9599999999999964 1
4.9599999999999964 4.25
4.9599999999999964 1
4.9599999999999964 1
4.9899999999999967 17.2475
4.9899999999999967 1
4.9899999999999967 4.25
4.9899999999999967 1
4.9899999999999967 1
5.0199999999999969 17.4783
5.0199999999999969 1
5.0199999999999969 4.25
5.0199999999999969 1
5.0199999999999969 1
5.0499999999999972 17.7625
5.0499999999999972 1
5.0499999999999972 4.25
5.0499999999999972 1
5.0499999999999972 1
5.0799999999999974 17.9866
5.0799999999999974 1
5.0799999999999974 4.25
5.0799999999999974 1
5.0799999999999974 1
5.1099999999999977 18.2629
5.1099999999999977 1
5.1099999999999977 4.25
5.1099999999999977 1
5.1099999999999977 1
5.1399999999999979 18.481
5.1399999999999979 1
5.1399999999999979 4.25
5.1399999999999979 1
5.1399999999999979 1
5.1699999999999982 18.7499
5.1699999999999982 1
5.1699999999999982 4.25
5.1699999999999982 1
5.1699999999999982 1
5.1999999999999984 18.9624
5.1999999999999984 1
5.1999999999999984 4.25
5.1999999999999984 1
5.1999999999999984 1
5.2299999999999986 9
5.2299999999999986 1
5.2299999999999986 4.25
5.2299999999999986 1
5.2299999999999986 1
5.2599999999999989 9
5.2599999999999989 1
5.2599999999999989 4.25
5.2599999999999989 1
5.2599999999999989 1
5.2899999999999991 9
5.2899999999999991 1
5.2899999999999991 4.25
5.2899999999999991 1
5.2899999999999991 1
5.3199999999999994 9
5.3199999999999994 1
5.3199999999999994 4.25
5.3199999999999994 1
5.3199999999999994 1
5.3499999999999996 9.11111
5.3499999999999996 1
5.3499999999999996 4.25
5.3499999999999996 1
5.3499999999999996 1
5.3799999999999999 9.11111
5.3799999999999999 1
5.3799999999999999 4.25
5.3799999999999999 1
5.3799999999999999 1
5.4100000000000001 9.54248
5.4100000000000001 1
5.4100000000000001 4.25
5.4100000000000001 1
5.4100000000000001 1
5.4400000000000004 9.95497
5.4400000000000004 1
5.4400000000000004 4.25
5.4400000000000004 1
5.4400000000000004 1
5.4700000000000006 10.3509
5.4700000000000006 1
5.4700000000000006 1
5.4700000000000006 1
5.4700000000000006 1
5.5000000000000009 10.8252
5.5000000000000009 1
5.5000000000000009 1
5.5000000000000009 1
5.5000000000000009 1
5.5300000000000011 11.1901
5.5300000000000011 1
5.5300000000000011 1
5.5300000000000011 1
5.5300000000000011 1
5.5600000000000014 11.5434
5.5600000000000014 1
5.5600000000000014 2
5.5600000000000014 1
5.5600000000000014 1
5.5900000000000016 11.8861
5.5900000000000016 1
5.5900000000000016 2
5.5900000000000016 1
5.5900000000000016 1
5.6200000000000019 12.2191
5.6200000000000019 1
5.6200000000000019 2.5
5.6200000000000019 1
5.6200000000000019 1
5.6500000000000021 12.463
5.6500000000000021 1
5.6500000000000021 2.5
5.6500000000000021 1
5.6500000000000021 1
5.6800000000000024 12.8592
5.6800000000000024 1
5.6800000000000024 2.5
5.6800000000000024 1
5.6800000000000024 1
5.7100000000000026 13.1675
5.7100000000000026 1
5.7100000000000026 2.5
5.7100000000000026 1
5.7100000000000026 1
5.7400000000000029 13.2434
5.7400000000000029 1
5.7400000000000029 3.55301
5.7400000000000029 2
5.7400000000000029 1
5.7700000000000031 13.6167
5.7700000000000031 1
5.7700000000000031 3.55301
5.7700000000000031 2
5.7700000000000031 1
5.8000000000000034 13.9082
5.8000000000000034 1
5.8000000000000034 3.55301
5.8000000000000034 2
5.8000000000000034 1
5.8300000000000036 14.1228
5.8300000000000036 1
5.8300000000000036 4.09525
5.8300000000000036 2
5.8300000000000036 1
5.8600000000000039 14.3341
5.8600000000000039 1
5.8600000000000039 4.33944
5.8600000000000039 2
5.8600000000000039 1
5.8900000000000041 14.6112
5.8900000000000041 1
5.8900000000000041 4.33944
5.8900000000000041 2
5.8900000000000041 1
5.9200000000000044 14.9502
5.9200000000000044 1
5.9200000000000044 4.33944
5.9200000000000044 2
5.9200000000000044 1
5.9500000000000046 15.0837
5.9500000000000046 1
5.9500000000000046 4.33944
5.9500000000000046 2
5.9500000000000046 1
5.9800000000000049 15.4123
5.9800000000000049 1
5.9800000000000049 4.33944
5.9800000000000049 2
5.9800000000000049 1
6.0100000000000051 15.6702
6.0100000000000051 1
6.0100000000000051 4.33944
6.0100000000000051 2
6.0100000000000051 1
6.0400000000000054 15.9868
6.0400000000000054 1
6.0400000000000054 4.33944
6.0400000000000054 2
6.0400000000000054 1
6.0700000000000056 16.1737
6.0700000000000056 1
6.0700000000000056 2
6.0700000000000056 2
6.0700000000000056 1
6.1000000000000059 16.4805
6.1000000000000059 1
6.1000000000000059 2
6.1000000000000059 2
6.1000000000000059 1
6.1300000000000061 16.7219
6.1300000000000061 1
6.1300000000000061 2
6.1300000000000061 2
6.1300000000000061 1
6.1600000000000064 16.9598
6.1600000000000064 1
6.1600000000000064 2
6.1600000000000064 2
6.1600000000000064 1
6.1900000000000066 17.2526
6.1900000000000066 1
6.1900000000000066 2
6.1900000000000066 2
6.1900000000000066 1
6.2200000000000069 17.4833
6.2200000000000069 1
6.2200000000000069 2
6.2200000000000069 2
6.2200000000000069 1
6.2500000000000071 17.7675
6.2500000000000071 1
6.2500000000000071 2
6.2500000000000071 2
6.2500000000000071 1
6.2800000000000074 17.9915
6.2800000000000074 1
6.2800000000000074 2
6.2800000000000074 2
6.2800000000000074 1
6.3100000000000076 18.2677
6.3100000000000076 1
6.3100000000000076 2
6.3100000000000076 2
6.3100000000000076 1
6.3400000000000079 18.4857
6.3400000000000079 1
6.3400000000000079 2
6.3400000000000079 2
6.3400000000000079 1
6.3700000000000081 18.7012
6.3700000000000081 1
6.3700000000000081 2
6.3700000000000081 2
6.3700000000000081 1
6.4000000000000083 18.967
6.4000000000000083 1
6.4000000000000083 2
6.4000000000000083 2
6.4000000000000083 1
6.4300000000000086 9
6.4300000000000086 1
6.4300000000000086 2
6.4300000000000086 2
6.4300000000000086 1
6.4600000000000088 9
6.4600000000000088 1
6.4600000000000088 2
6.4600000000000088 2
6.4600000000000088 1
6.4900000000000091 9
6.4900000000000091 1
6.4900000000000091 2
6.4900000000000091 2
6.4900000000000091 1
6.5200000000000093 9
6.5200000000000093 1
6.5200000000000093 2
6.5200000000000093 2
6.5200000000000093 1
6.5500000000000096 9.11111
6.5500000000000096 1
6.5500000000000096 2
6.5500000000000096 2
6.5500000000000096 1
6.5800000000000098 9.11111
6.5800000000000098 1
6.5800000000000098 2
6.5800000000000098 2
6.5800000000000098 1
6.6100000000000101 9.54248
6.6100000000000101 1
6.6100000000000101 2
6.6100000000000101 2
6.6100000000000101 1
6.6400000000000103 9.95497
6.6400000000000103 1
6.6400000000000103 2
6.6400000000000103 2
6.6400000000000103 1
6.6700000000000106 10.3509
6.6700000000000106 1
6.6700000000000106 2
6.6700000000000106 2
6.6700000000000106 1
6.7000000000000108 10.8252
6.7000000000000108 1
6.7000000000000108 2
6.7000000000000108 2
6.7000000000000108 1
6.7300000000000111 11.1901
6.7300000000000111 1
6.7300000000000111 2
6.7300000000000111 1
6.7300000000000111 1
6.7600000000000113 11.63
6.7600000000000113 1
6.7600000000000113 2
6.7600000000000113 1
6.7600000000000113 1
6.7900000000000116 11.9702
6.7900000000000116 1
6.7900000000000116 2
6.7900000000000116 1
6.7900000000000116 1
6.8200000000000118 12.301
6.8200000000000118 1
6.8200000000000118 2
6.8200000000000118 2
6.8200000000000118 1
6.8500000000000121 12.623
6.8500000000000121 1
6.8500000000000121 2
6.8500000000000121 2
6.8500000000000121 1
6.8800000000000123 12.9369
6.8800000000000123 1
6.8800000000000123 2
6.8800000000000123 2
6.8800000000000123 1
6.9100000000000126 13.1675
6.9100000000000126 1
6.9100000000000126 2
6.9100000000000126 2.9
6.9100000000000126 1
6.9400000000000128 13.4687
6.9400000000000128 1
6.9400000000000128 2
6.9400000000000128 2.9
6.9400000000000128 1
6.9700000000000131 13.8359
6.9700000000000131 1
6.9700000000000131 2
6.9700000000000131 2.9
6.9700000000000131 1
7.0000000000000133 13.9801
7.0000000000000133 1
7.0000000000000133 2
7.0000000000000133 3.55301
7.0000000000000133 1
7.0300000000000136 14.3341
7.0300000000000136 1
7.0300000000000136 2
7.0300000000000136 3.55301
7.0300000000000136 1
7.0600000000000138 14.6112
7.0600000000000138 1
7.0600000000000138 1
7.0600000000000138 3.55301
7.0600000000000138 1
7.0900000000000141 14.883
7.0900000000000141 1
7.0900000000000141 1
7.0900000000000141 3.83446
7.0900000000000141 1
7.1200000000000143 15.0171
7.1200000000000143 1
7.1200000000000143 1
7.1200000000000143 4.33944
7.1200000000000143 1
7.1500000000000146 15.2817
7.1500000000000146 1
7.1500000000000146 1
7.1500000000000146 4.33944
7.1500000000000146 1
7.1800000000000148 15.6062
7.1800000000000148 1
7.1800000000000148 1
7.1800000000000148 4.33944
7.1800000000000148 1
7.2100000000000151 15.7976
7.2100000000000151 1
7.2100000000000151 1
7.2100000000000151 4.33944
7.2100000000000151 1
7.2400000000000153 16.0493
7.2400000000000153 1
7.2400000000000153 1
7.2400000000000153 4.33944
7.2400000000000153 1
7.2700000000000156 16.2971
7.2700000000000156 1
7.2700000000000156 1
7.2700000000000156 4.33944
7.2700000000000156 1
7.3000000000000158 16.5412
7.3000000000000158 1
7.3000000000000158 1
7.3000000000000158 4.33944
7.3000000000000158 1
7.3300000000000161 16.7817
7.3300000000000161 1
7.3300000000000161 1
7.3300000000000161 2
7.3300000000000161 1
7.3600000000000163 17.0188
7.3600000000000163 1
7.3600000000000163 1
7.3600000000000163 2
7.3600000000000163 1
7.3900000000000166 17.3106
7.3900000000000166 1
7.3900000000000166 1
7.3900000000000166 2
7.3900000000000166 1
7.4200000000000168 17.5405
7.4200000000000168 1
7.4200000000000168 1
7.4200000000000168 2
7.4200000000000168 1
7.4500000000000171 17.8237
7.4500000000000171 1
7.4500000000000171 1
7.4500000000000171 2
7.4500000000000171 1
7.4800000000000173 18.0471
7.4800000000000173 1
7.4800000000000173 1
7.4800000000000173 2
7.4800000000000173 1
7.5100000000000176 18.3225
7.5100000000000176 1
7.5100000000000176 1
7.5100000000000176 2
7.5100000000000176 1
7.5400000000000178 18.5398
7.5400000000000178 1
7.5400000000000178 1
7.5400000000000178 2
7.5400000000000178 1
7.570000000000018 18.7546
7.570000000000018 1
7.570000000000018 1
7.570000000000018 2
7.570000000000018 1
7.6000000000000183 18.967
7.6000000000000183 1
7.6000000000000183 1
7.6000000000000183 2
7.6000000000000183 1
7.6300000000000185 9
7.6300000000000185 1
7.6300000000000185 1
7.6300000000000185 2
7.6300000000000185 1
7.6600000000000188 9
7.6600000000000188 1
7.6600000000000188 1
7.6600000000000188 2
7.6600000000000188 1
7.690000000000019 9
7.690000000000019 1
7.690000000000019 1
7.690000000000019 2
7.690000000000019 1
7.7200000000000193 9
7.7200000000000193 1
7.7200000000000193 1
7.7200000000000193 2
7.7200000000000193 1
7.7500000000000195 9.11111
7.7500000000000195 1
7.7500000000000195 1
7.7500000000000195 2
7.7500000000000195 1
7.7800000000000198 9.11111
7.7800000000000198 1
7.7800000000000198 1
7.7800000000000198 2
7.7800000000000198 1
7.81000000000002 9.54248
7.81000000000002 1
7.81000000000002 1
7.81000000000002 2
7.81000000000002 1
7.8400000000000203 10.0554
7.8400000000000203 1
7.8400000000000203 1
7.8400000000000203 2
7.8400000000000203 1
7.8700000000000205 10.4475
7.8700000000000205 1
7.8700000000000205 1
7.8700000000000205 2
7.8700000000000205 1
7.9000000000000208 10.9176
7.9000000000000208 1
7.9000000000000208 1
7.9000000000000208 2
7.9000000000000208 1
7.930000000000021 11.2795
7.930000000000021 1
7.930000000000021 1
7.930000000000021 2
7.930000000000021 1
7.9600000000000213 11.716
7.9600000000000213 1
7.9600000000000213 1
7.9600000000000213 2
7.9600000000000213 1
7.9900000000000215 12.0538
7.9900000000000215 1
7.9900000000000215 1
7.9900000000000215 2
7.9900000000000215 1
8.0200000000000209 12.463
8.0200000000000209 1
8.0200000000000209 1
8.0200000000000209 2
8.0200000000000209 1
8.0500000000000203 12.7809
8.0500000000000203 1
8.0500000000000203 1
8.0500000000000203 2
8.0500000000000203 1
8.0800000000000196 13.0911
8.0800000000000196 1
8.0800000000000196 1
8.0800000000000196 2
8.0800000000000196 1
8.110000000000019 13.4687
8.110000000000019 1
8.110000000000019 1
8.110000000000019 2
8.110000000000019 1
8.1400000000000183 13.7632
8.1400000000000183 1
8.1400000000000183 1
8.1400000000000183 2
8.1400000000000183 1
8.1700000000000177 14.1228
8.1700000000000177 1
8.1700000000000177 1
8.1700000000000177 2
8.1700000000000177 1
8.2000000000000171 14.4039
8.2000000000000171 1
8.2000000000000171 1
8.2000000000000171 2
8.2000000000000171 1
8.2300000000000164 14.7477
8.2300000000000164 1
8.2300000000000164 1
8.2300000000000164 2
8.2300000000000164 1
8.2600000000000158 15.0171
8.2600000000000158 1
8.2600000000000158 1
8.2600000000000158 2
8.2600000000000158 1
8.2900000000000151 15.2817
8.2900000000000151 1
8.2900000000000151 1
8.2900000000000151 2
8.2900000000000151 1
8.3200000000000145 15.6062
8.3200000000000145 1
8.3200000000000145 1
8.3200000000000145 1
8.3200000000000145 1
8.3500000000000139 15.8609
8.3500000000000139 1
8.3500000000000139 1
8.3500000000000139 1
8.3500000000000139 1
8.3800000000000132 16.1737
8.3800000000000132 1
8.3800000000000132 1
8.3800000000000132 1
8.3800000000000132 1
8.4100000000000126 16.4196
8.4100000000000126 1
8.4100000000000126 1
8.4100000000000126 1
8.4100000000000126 1
8.4400000000000119 16.6619
8.4400000000000119 1
8.4400000000000119 1
8.4400000000000119 2
8.4400000000000119 1
8.4700000000000113 16.9007
8.4700000000000113 1
8.4700000000000113 1
8.4700000000000113 2
8.4700000000000113 1
8.5000000000000107 17.1361
8.5000000000000107 1
8.5000000000000107 1
8.5000000000000107 2
8.5000000000000107 1
8.53000000000001 17.4259
8.53000000000001 1
8.53000000000001 1
8.53000000000001 2
8.53000000000001 1
8.5600000000000094 17.6543
8.5600000000000094 1
8.5600000000000094 1
8.5600000000000094 2
8.5600000000000094 1
8.5900000000000087 17.9358
8.5900000000000087 1
8.5900000000000087 1
8.5900000000000087 2
8.5900000000000087 1
8.6200000000000081 18.1578
8.6200000000000081 1
8.6200000000000081 1
8.6200000000000081 2
8.6200000000000081 1
8.6500000000000075 18.4315
8.6500000000000075 1
8.6500000000000075 1
8.6500000000000075 2
8.6500000000000075 1
8.6800000000000068 18.6475
8.6800000000000068 1
8.6800000000000068 1
8.6800000000000068 2
8.6800000000000068 1
8.7100000000000062 18.8611
8.7100000000000062 1
8.7100000000000062 1
8.7100000000000062 2
8.7100000000000062 1
8.7400000000000055 9
8.7400000000000055 1
8.7400000000000055 1
8.7400000000000055 2
8.7400000000000055 1
8.7700000000000049 9
8.7700000000000049 1
8.7700000000000049 1
8.7700000000000049 2
8.7700000000000049 1
8.8000000000000043 9
8.8000000000000043 1
8.8000000000000043 1
8.8000000000000043 2
8.8000000000000043 1
8.8300000000000036 9
8.8300000000000036 1
8.8300000000000036 1
8.8300000000000036 2
8.8300000000000036 1
8.860000000000003 9.11111
8.860000000000003 1
8.860000000000003 1
8.860000000000003 2
8.860000000000003 1
8.8900000000000023 9.11111
8.8900000000000023 1
8.8900000000000023 1
8.8900000000000023 2
8.8900000000000023 1
8.9200000000000017 9.32932
8.9200000000000017 1
8.9200000000000017 1
8.9200000000000017 2
8.9200000000000017 1
8.9500000000000011 9.85348
8.9500000000000011 1
8.9500000000000011 1
8.9500000000000011 2
8.9500000000000011 1
8.9800000000000004 10.2533
8.9800000000000004 1
8.9800000000000004 1
8.9800000000000004 2
8.9800000000000004 1
9.0099999999999998 10.638
9.0099999999999998 1
9.0099999999999998 1
9.0099999999999998 2
9.0099999999999998 1
9.0399999999999991 11.1
9.0399999999999991 1
9.0399999999999991 1
9.0399999999999991 2
9.0399999999999991 1
9.0699999999999985 11.4561
9.0699999999999985 1
9.0699999999999985 1
9.0699999999999985 2
9.0699999999999985 1
9.0999999999999979 11.8861
9.0999999999999979 1
9.0999999999999979 1
9.0999999999999979 2
9.0999999999999979 1
9.1299999999999972 12.1367
9.1299999999999972 1
9.1299999999999972 2
9.1299999999999972 2
9.1299999999999972 1
9.1599999999999966 12.5433
9.1599999999999966 1
9.1599999999999966 2
9.1599999999999966 2
9.1599999999999966 1
9.1899999999999959 12.8592
9.1899999999999959 1
9.1899999999999959 2
9.1899999999999959 2
9.1899999999999959 1
9.2199999999999953 13.0911
9.2199999999999953 1
9.2199999999999953 2.5
9.2199999999999953 2
9.2199999999999953 1
9.2499999999999947 13.394
9.2499999999999947 1
9.2499999999999947 2.5
9.2499999999999947 2
9.2499999999999947 1
9.279999999999994 13.6902
9.279999999999994 1
9.279999999999994 2.5
9.279999999999994 2
9.279999999999994 1
9.3099999999999934 14.0516
9.3099999999999934 1
9.3099999999999934 2.5
9.3099999999999934 2
9.3099999999999934 1
9.3399999999999928 14.1228
9.3399999999999928 1
9.3399999999999928 3.24483
9.3399999999999928 2
9.3399999999999928 1
9.3699999999999921 14.4733
9.3699999999999921 1
9.3699999999999921 3.24483
9.3699999999999921 2
9.3699999999999921 1
9.3999999999999915 14.7477
9.3999999999999915 1
9.3999999999999915 3.24483
9.3999999999999915 2
9.3999999999999915 1
9.4299999999999908 15.0171
9.4299999999999908 1
9.4299999999999908 3.24483
9.4299999999999908 2
9.4299999999999908 1
9.4599999999999902 15.216
9.4599999999999902 1
9.4599999999999902 3.24483
9.4599999999999902 2
9.4599999999999902 1
9.4899999999999896 15.4772
9.4899999999999896 1
9.4899999999999896 3.24483
9.4899999999999896 2
9.4899999999999896 1
9.5199999999999889 15.7976
9.5199999999999889 1
9.5199999999999889 3.24483
9.5199999999999889 2
9.5199999999999889 1
9.5499999999999883 15.9868
9.5499999999999883 1
9.5499999999999883 1
9.5499999999999883 2
9.5499999999999883 1
9.5799999999999876 16.2971
9.5799999999999876 1
9.5799999999999876 1
9.5799999999999876 2
9.5799999999999876 1
9.609999999999987 16.5412
9.609999999999987 1
9.609999999999987 1
9.609999999999987 2
9.609999999999987 1
9.6399999999999864 16.8413
9.6399999999999864 1
9.6399999999999864 1
9.6399999999999864 2
9.6399999999999864 1
9.6699999999999857 17.0188
9.6699999999999857 1
9.6699999999999857 2
9.6699999999999857 2
9.6699999999999857 1
9.6999999999999851 17.2526
9.6999999999999851 1
9.6999999999999851 2
9.6999999999999851 2
9.6999999999999851 1
9.7299999999999844 17.5405
9.7299999999999844 1
9.7299999999999844 2
9.7299999999999844 2
9.7299999999999844 1
9.7599999999999838 17.7675
9.7599999999999838 1
9.7599999999999838 2
9.7599999999999838 2
9.7599999999999838 1
9.7899999999999832 18.0471
9.7899999999999832 1
9.7899999999999832 2
9.7899999999999832 2
9.7899999999999832 1
9.8199999999999825 18.2677
9.8199999999999825 1
9.8199999999999825 2
9.8199999999999825 2
9.8199999999999825 1
9.8499999999999819 18.5398
9.8499999999999819 1
9.8499999999999819 2
9.8499999999999819 2
9.8499999999999819 1
9.8799999999999812 18.7546
9.8799999999999812 1
9.8799999999999812 2
9.8799999999999812 2
9.8799999999999812 1
9.9099999999999806 18.967
9.9099999999999806 1
9.9099999999999806 2
9.9099999999999806 2
9.9099999999999806 1
9.93999999999998 9
9.93999999999998 1
9.93999999999998 2
9.93999999999998 2
9.93999999999998 1
9.9699999999999793 9
9.9699999999999793 1
9.9699999999999793 2
9.9699999999999793 2
9.9699999999999793 1
9.9999999999999787 9
9.9999999999999787 1
9.9999999999999787 2
9.9999999999999787 2
9.9999999999999787 1
